function [V, F] = spacecraftVFC
    V = [...
        0 0 0;... % point 1
        -1.5 1.5 -1.5;... % point 2
        -1.5 -1.5 -1.5;... % point 3
        -1.5 -1.5 1.5;... % point 4
        -1.5 1.5 1.5;... % point 5
        -15 0 0;... % point 6
        -3 6.33 -1.33;... % point 7
        -7.6 6.33 -0.82;... % point 8
        -7.6 -6.33 -0.82;... % point 9
        -3 -6.33 -1.33;... % point 10
        -12 2.33 -0.33;... %point 11
        -15 2.33 0;... %point 12
        -15 -2.33 0;... %point 13
        -12 -2.33 -0.33;... point 14
        -12 0 -0.33;... %point 15
        -15 0 -4;... %point 16
        ];

    F = [...
        1,2,3,NaN;...
        1,4,5,NaN;...
        1,3,4,NaN;...
        1,2,5,NaN;...
        2,3,5,4;...
        2,3,6,NaN;...
        3,4,6,NaN;...
        2,5,6,NaN;...
        5,4,6,NaN;...
        7,8,9,10;
        11,12,13,14;
        6,15,16,NaN
        ];
end